[[[2],
[0.007978200912475586, 0.0012142658233642578, 0.0009970664978027344, 0.0009970664978027344, 0.0019941329956054688, 0.0029921531677246094, 0.0039904117584228516, 0.00397801399230957, 0.003988742828369141, 0.004987239837646484, 0.0069811344146728516, 0.006981372833251953, 0.00997161865234375, 0.011967897415161133, 0.01091766357421875, 0.014959335327148438, 0.014920949935913086, 0.013961315155029297, 0.016954898834228516, 0.018006324768066406, 0.04382777214050293, 0.0787343978881836, 0.1257174015045166, 0.19737911224365234, 0.3001444339752197, 0.43184566497802734, 0.4557802677154541, 0.5424938201904297, 0.7190773487091064, 1.0841023921966553, 1.4900171756744385, 1.7183644771575928, 2.307030200958252],
[0.0020346641540527344, 0.003991127014160156, 0.01101374626159668, 0.02094435691833496, 0.0359044075012207, 0.05385541915893555, 0.07779073715209961, 0.09977245330810547, 0.1406257152557373, 0.20744657516479492, 0.25731396675109863, 0.3311161994934082, 0.4497971534729004, 0.6782402992248535, 0.6921472549438477, 1.082165002822876, 0.9903502464294434, 1.2855606079101562, 1.4620912075042725, 1.7941465377807617, 6.4488019943237305, 13.858991622924805, 27.767681121826172, 48.43768000602722, 77.79783654212952, 120.45194268226624, 178.47925543785095, 205.66396641731262, 358.85254859924316, 625.6016793251038, 910.0864026546478, 1186.0942509174347, 1667.965490579605],
[50, 100, 150, 200, 250, 300, 350, 400, 450, 500, 550, 600, 650, 700, 750, 800, 850, 900, 950, 1000, 1500, 2000, 2500, 3000, 3500, 4000, 4500, 5000, 6000, 7000, 8000, 9000, 10000]],

[[3],
[0.0009958744049072266, 0.0, 0.000957489013671875, 0.002035379409790039, 0.002035856246948242, 0.0019927024841308594, 0.0029664039611816406, 0.0030493736267089844, 0.005041599273681641, 0.004987239837646484, 0.006981611251831055, 0.006978750228881836, 0.00797891616821289, 0.009973526000976562, 0.009973526000976562, 0.011968135833740234, 0.012965917587280273, 0.014017105102539062, 0.01595759391784668, 0.018893003463745117, 0.04188942909240723, 0.07879090309143066, 0.21043848991394043, 0.18049359321594238, 0.2652912139892578, 0.48370790481567383, 0.6442770957946777, 0.5514883995056152, 0.7669520378112793, 1.0445594787597656, 1.7463288307189941, 1.658524751663208, 2.0984432697296143],
[0.003987789154052734, 0.0040280818939208984, 0.010971546173095703, 0.01795029640197754, 0.029933452606201172, 0.04587864875793457, 0.06978392601013184, 0.10372233390808105, 0.13863062858581543, 0.18550372123718262, 0.27526426315307617, 0.32413291931152344, 0.42386603355407715, 0.516657829284668, 0.6293160915374756, 0.768951416015625, 0.9235856533050537, 1.1079790592193604, 1.3045518398284912, 1.515944004058838, 5.396565675735474, 13.939754962921143, 32.59884691238403, 51.47246742248535, 78.53832030296326, 128.11878514289856, 172.4346375465393, 234.1740095615387, 402.0094938278198, 669.812283039093, 963.7714231014252, 1276.6836080551147, 1865.0529458522797],
[50, 100, 150, 200, 250, 300, 350, 400, 450, 500, 550, 600, 650, 700, 750, 800, 850, 900, 950, 1000, 1500, 2000, 2500, 3000, 3500, 4000, 4500, 5000, 6000, 7000, 8000, 9000, 10000]],

[[4],
[0.0029921531677246094, 0.0009958744049072266, 0.0029926300048828125, 0.0009951591491699219, 0.001997232437133789, 0.001994609832763672, 0.0029935836791992188, 0.0049860477447509766, 0.006981849670410156, 0.005946159362792969, 0.008188247680664062, 0.00708770751953125, 0.009972095489501953, 0.010934114456176758, 0.01300048828125, 0.01495981216430664, 0.015958309173583984, 0.01795053482055664, 0.019910335540771484, 0.025929689407348633, 0.04587554931640625, 0.10771298408508301, 0.1545865535736084, 0.20644593238830566, 0.25232362747192383, 0.3367164134979248, 0.4209165573120117, 0.5545179843902588, 0.922494649887085, 1.3055081367492676, 1.5159461498260498, 2.3985843658447266, 2.594062328338623],
[0.001995563507080078, 0.005982398986816406, 0.013962745666503906, 0.019987106323242188, 0.033910512924194336, 0.0808250904083252, 0.09175348281860352, 0.12466597557067871, 0.16954565048217773, 0.20342659950256348, 0.2723052501678467, 0.42885446548461914, 0.5295834541320801, 0.6164004802703857, 0.8447041511535645, 1.1070408821105957, 1.2466647624969482, 1.5867564678192139, 1.8201308250427246, 2.140273332595825, 5.762131690979004, 14.290843963623047, 28.364140272140503, 48.073256731033325, 72.34105920791626, 107.84156727790833, 170.34253811836243, 224.4347722530365, 392.07392382621765, 660.0310232639313, 991.6600096225739, 1246.5066635608673, 1726.8382709026337],
[50, 100, 150, 200, 250, 300, 350, 400, 450, 500, 550, 600, 650, 700, 750, 800, 850, 900, 950, 1000, 1500, 2000, 2500, 3000, 3500, 4000, 4500, 5000, 6000, 7000, 8000, 9000, 10000]],

[[5],
[0.0009965896606445312, 0.0009970664978027344, 0.000997304916381836, 0.0020475387573242188, 0.0030465126037597656, 0.0019958019256591797, 0.0029900074005126953, 0.004046916961669922, 0.004564762115478516, 0.005984306335449219, 0.005984067916870117, 0.008977413177490234, 0.009013175964355469, 0.009224176406860352, 0.011970281600952148, 0.010970830917358398, 0.014017105102539062, 0.014907121658325195, 0.015972614288330078, 0.025828838348388672, 0.04488182067871094, 0.07773566246032715, 0.12331843376159668, 0.17661690711975098, 0.24833416938781738, 0.42685914039611816, 0.46874380111694336, 0.5375995635986328, 0.796410322189331, 1.1136350631713867, 1.4197924137115479, 1.7805306911468506, 1.9999008178710938],
[0.001994609832763672, 0.01096796989440918, 0.009973526000976562, 0.01989126205444336, 0.031900644302368164, 0.049921512603759766, 0.08078336715698242, 0.11168503761291504, 0.1595747470855713, 0.2234022617340088, 0.29919910430908203, 0.3400907516479492, 0.4367961883544922, 0.5376989841461182, 0.6702055931091309, 0.8188104629516602, 0.9933292865753174, 1.1858291625976562, 1.3692851066589355, 1.6496429443359375, 5.5722434520721436, 13.134873151779175, 25.413352251052856, 45.122047424316406, 83.1813747882843, 123.53684329986572, 204.47148299217224, 236.30255889892578, 401.8601291179657, 608.4068894386292, 919.8318476676941, 1252.2911610603333, 1519.472357749939],
[50, 100, 150, 200, 250, 300, 350, 400, 450, 500, 550, 600, 650, 700, 750, 800, 850, 900, 950, 1000, 1500, 2000, 2500, 3000, 3500, 4000, 4500, 5000, 6000, 7000, 8000, 9000, 10000]]]



