[[[2],
[0.009971857070922852, 0.0009968280792236328, 0.0009975433349609375, 0.0009975433349609375, 0.0019915103912353516, 0.0019948482513427734, 0.002031087875366211, 0.003989219665527344, 0.0049893856048583984, 0.006928682327270508, 0.006983280181884766, 0.006982088088989258, 0.007978439331054688, 0.008977651596069336, 0.009968996047973633, 0.011968135833740234, 0.013020753860473633, 0.013965606689453125, 0.01595759391784668, 0.020956754684448242, 0.041887521743774414, 0.07782769203186035, 0.12067508697509766, 0.17946815490722656, 0.2413938045501709, 0.3121492862701416, 0.4189167022705078, 0.5794501304626465, 0.7709400653839111, 0.992347002029419, 1.3912813663482666, 1.6535773277282715, 2.8044986724853516],
[0.0019936561584472656, 0.008977651596069336, 0.010969877243041992, 0.013967037200927734, 0.013961315155029297, 0.02094292640686035, 0.018953323364257812, 0.02592778205871582, 0.02697014808654785, 0.03294992446899414, 0.0359039306640625, 0.040891170501708984, 0.04886960983276367, 0.05684852600097656, 0.06080198287963867, 0.06785845756530762, 0.07677817344665527, 0.07878947257995605, 0.09074068069458008, 0.10073328018188477, 0.22539877891540527, 0.37601256370544434, 0.5923616886138916, 0.8317198753356934, 1.1030652523040771, 1.6545746326446533, 1.996678113937378, 2.298851728439331, 3.33124041557312, 5.067198753356934, 7.1997458934783936, 10.106969356536865, 12.186407804489136],
[50, 100, 150, 200, 250, 300, 350, 400, 450, 500, 550, 600, 650, 700, 750, 800, 850, 900, 950, 1000, 1500, 2000, 2500, 3000, 3500, 4000, 4500, 5000, 6000, 7000, 8000, 9000, 10000]],

[[3],
[0.001992464065551758, 0.0009975433349609375, 0.000997781753540039, 0.0019965171813964844, 0.0019936561584472656, 0.0029909610748291016, 0.0029914379119873047, 0.003988981246948242, 0.003989696502685547, 0.005984783172607422, 0.005991935729980469, 0.007978677749633789, 0.007996559143066406, 0.008975028991699219, 0.010971307754516602, 0.011969566345214844, 0.01894855499267578, 0.018948078155517578, 0.0189511775970459, 0.018950462341308594, 0.07579517364501953, 0.07878899574279785, 0.13065075874328613, 0.18160009384155273, 0.24235129356384277, 0.32607555389404297, 0.6243293285369873, 0.5106399059295654, 0.7201352119445801, 1.2137532234191895, 1.4232323169708252, 1.9467926025390625, 2.7037672996520996],
[0.0029921531677246094, 0.010970592498779297, 0.009010553359985352, 0.01292562484741211, 0.016954421997070312, 0.01795196533203125, 0.02293872833251953, 0.02393627166748047, 0.03095722198486328, 0.03285622596740723, 0.05789375305175781, 0.041871070861816406, 0.04781389236450195, 0.05191636085510254, 0.061792850494384766, 0.08676910400390625, 0.08676719665527344, 0.08876419067382812, 0.09574222564697266, 0.20345544815063477, 0.262347936630249, 0.4607686996459961, 0.5964603424072266, 0.8317759037017822, 1.121002435684204, 1.987680435180664, 2.352707624435425, 2.226043224334717, 3.2941715717315674, 6.1206324100494385, 9.175423383712769, 11.911144495010376, 12.922491073608398],
[50, 100, 150, 200, 250, 300, 350, 400, 450, 500, 550, 600, 650, 700, 750, 800, 850, 900, 950, 1000, 1500, 2000, 2500, 3000, 3500, 4000, 4500, 5000, 6000, 7000, 8000, 9000, 10000]],

[[4],
[0.001993417739868164, 0.0009970664978027344, 0.000997304916381836, 0.0049860477447509766, 0.005983829498291016, 0.003988981246948242, 0.0029921531677246094, 0.006982326507568359, 0.005982875823974609, 0.006983280181884766, 0.010968685150146484, 0.017952680587768555, 0.02293848991394043, 0.01695394515991211, 0.012966156005859375, 0.012968063354492188, 0.015957117080688477, 0.01695728302001953, 0.020943164825439453, 0.02596879005432129, 0.045836687088012695, 0.09175586700439453, 0.1286165714263916, 0.2952113151550293, 0.26034116744995117, 0.3400893211364746, 0.41385698318481445, 0.49962806701660156, 0.8097951412200928, 1.0395903587341309, 1.2905452251434326, 1.6204986572265625, 2.218165159225464],
[0.006982564926147461, 0.0059816837310791016, 0.008975744247436523, 0.02194070816040039, 0.027924060821533203, 0.02892279624938965, 0.029920339584350586, 0.042884111404418945, 0.047873497009277344, 0.05584979057312012, 0.15259170532226562, 0.17353558540344238, 0.1825122833251953, 0.08676767349243164, 0.06885218620300293, 0.07280683517456055, 0.0797889232635498, 0.09380674362182617, 0.13164973258972168, 0.11770057678222656, 0.39893293380737305, 0.46575427055358887, 0.6024429798126221, 1.1070399284362793, 1.4301862716674805, 1.8440699577331543, 2.029571771621704, 2.7496440410614014, 3.552677631378174, 5.0885169506073, 6.958031177520752, 9.738137006759644, 12.169877529144287],
[50, 100, 150, 200, 250, 300, 350, 400, 450, 500, 550, 600, 650, 700, 750, 800, 850, 900, 950, 1000, 1500, 2000, 2500, 3000, 3500, 4000, 4500, 5000, 6000, 7000, 8000, 9000, 10000]],

[[5],
[0.0019941329956054688, 0.001995086669921875, 0.0019936561584472656, 0.000997304916381836, 0.001993894577026367, 0.001996278762817383, 0.0029909610748291016, 0.003988981246948242, 0.005985736846923828, 0.004987001419067383, 0.006983280181884766, 0.006978750228881836, 0.007980108261108398, 0.008976459503173828, 0.010982513427734375, 0.013001441955566406, 0.01396489143371582, 0.01798725128173828, 0.016957759857177734, 0.01894974708557129, 0.04587841033935547, 0.08481764793395996, 0.12765884399414062, 0.2403564453125, 0.27031707763671875, 0.5196094512939453, 0.4365100860595703, 0.5900475978851318, 0.7539253234863281, 1.0961246490478516, 1.4830336570739746, 1.7422611713409424, 2.164161205291748],
[0.005983114242553711, 0.011968135833740234, 0.010968923568725586, 0.012964487075805664, 0.017951011657714844, 0.02393484115600586, 0.022938013076782227, 0.02991962432861328, 0.03091740608215332, 0.0359036922454834, 0.04089069366455078, 0.04389309883117676, 0.05081009864807129, 0.06685996055603027, 0.06082510948181152, 0.07576155662536621, 0.07878828048706055, 0.09072136878967285, 0.10970735549926758, 0.10572957992553711, 0.23935818672180176, 0.4188385009765625, 0.72609543800354, 0.9390454292297363, 1.2659950256347656, 1.7247874736785889, 1.992340326309204, 2.379929542541504, 3.465575933456421, 5.0474512577056885, 7.905895948410034, 8.611775875091553, 11.123565435409546],
[50, 100, 150, 200, 250, 300, 350, 400, 450, 500, 550, 600, 650, 700, 750, 800, 850, 900, 950, 1000, 1500, 2000, 2500, 3000, 3500, 4000, 4500, 5000, 6000, 7000, 8000, 9000, 10000]]]