2
[0.001,0.007,0.016,0.023,0.038,0.054,0.072,0.095,0.142,0.149,0.177,0.213,0.254,0.297,0.341,0.387,0.442,0.494,0.559,0.625,1.411,2.522,3.921,5.768,7.691,10.055,13.199,15.809,18.995,22.634,26.66,31.421]
[0.001,0.004,0.009,0.009,0.015,0.021,0.03,0.039,0.06,0.062,0.073,0.088,0.102,0.121,0.146,0.164,0.189,0.219,0.241,0.273,0.634,1.153,1.779,2.571,3.499,4.6,5.791,7.143,8.729,10.473,12.215,14.105]
[0,0.001,0.003,0.005,0.009,0.012,0.017,0.062,0.03,0.038,0.047,0.06,0.066,0.081,0.095,0.112,0.13,0.15,0.172,0.192,0.476,0.864,1.349,1.959,2.695,3.564,4.479,5.514,6.894,8.002,9.59,10.979]
[50,100,150,200,250,300,350,400,450,500,550,600,650,700,750,800,850,900,950,1000,1500,2000,2500,3000,3500,4000,4500,5000,5500,6000,6500,7000]

3
[0.003,0.01,0.024,0.022,0.038,0.054,0.08,0.121,0.125,0.186,0.23,0.272,0.297,0.382,0.453,0.484,0.567,0.63,0.699,0.652,1.394,2.492,3.882,5.595,7.689,10.176,12.694,15.516,18.755,22.356,26.346,31.059]
[0.001,0.004,0.011,0.009,0.015,0.021,0.029,0.049,0.048,0.077,0.099,0.115,0.143,0.201,0.186,0.219,0.247,0.309,0.397,0.274,0.64,1.139,1.774,2.548,3.474,4.798,5.763,7.096,8.711,10.251,12.078,14.04]
[0,0.001,0.008,0.005,0.009,0.013,0.019,0.025,0.037,0.048,0.061,0.077,0.1,0.151,0.134,0.19,0.167,0.187,0.212,0.196,0.481,0.876,1.388,1.998,2.823,4.096,4.572,5.658,7.123,8.165,9.6,11.305]
[50,100,150,200,250,300,350,400,450,500,550,600,650,700,750,800,850,900,950,1000,1500,2000,2500,3000,3500,4000,4500,5000,5500,6000,6500,7000]

4
[0.003,0.009,0.022,0.027,0.043,0.097,0.151,0.131,0.185,0.218,0.258,0.304,0.435,0.482,0.581,0.501,0.529,0.625,0.688,0.673,1.412,2.526,3.89,5.62,7.62,9.953,12.606,15.555,18.949,22.476,26.474,31.019]
[0.001,0.004,0.01,0.009,0.017,0.047,0.051,0.053,0.08,0.091,0.107,0.131,0.153,0.175,0.238,0.243,0.233,0.267,0.293,0.276,0.646,1.152,1.784,2.566,3.514,4.586,5.821,7.183,8.69,10.66,12.323,14.205]
[0,0.001,0.004,0.006,0.011,0.024,0.027,0.033,0.049,0.064,0.072,0.085,0.105,0.121,0.139,0.142,0.163,0.176,0.213,0.212,0.497,0.908,1.425,2.064,2.86,3.771,4.728,5.833,7.286,8.43,9.96,11.586]
[50,100,150,200,250,300,350,400,450,500,550,600,650,700,750,800,850,900,950,1000,1500,2000,2500,3000,3500,4000,4500,5000,5500,6000,6500,7000]


5
[0.002,0.008,0.018,0.022,0.037,0.052,0.074,0.101,0.147,0.149,0.194,0.268,0.312,0.365,0.44,0.469,0.534,0.604,0.668,0.73,1.394,2.483,3.871,5.571,7.645,9.942,14.775,15.557,18.736,22.518,26.381,30.534]
[0.001,0.003,0.009,0.009,0.015,0.022,0.033,0.049,0.05,0.062,0.094,0.117,0.138,0.144,0.188,0.205,0.237,0.251,0.292,0.273,0.632,1.14,1.799,2.55,3.471,4.548,5.772,7.104,8.606,10.266,12.117,14.149]
[0,0.001,0.004,0.005,0.01,0.013,0.017,0.025,0.031,0.039,0.055,0.078,0.083,0.1,0.12,0.134,0.158,0.176,0.197,0.191,0.471,0.856,1.348,1.954,2.696,3.567,4.483,5.527,6.905,8.187,9.424,10.934]
[50,100,150,200,250,300,350,400,450,500,550,600,650,700,750,800,850,900,950,1000,1500,2000,2500,3000,3500,4000,4500,5000,5500,6000,6500,7000]